Time,Mass,O2,CO,NO2,NO,SO2,WaterTemp2,WaterTemp3,WaterTemp4,GapTemp,InnerWall,HandleTemp,FireTemp,OutsideSurface
25:165:85,0.000,21.46,4.57,0.82,0.29,0.81,21.19,22.69,20.94,0.00,0.00,23.50,23.25,22.75,
0:13:49,4.201,21.36,3.96,0.58,0.27,0.57,21.31,22.56,21.13,0.00,0.00,23.75,23.50,23.00,
0:13:50,4.201,21.30,4.33,0.57,0.31,0.59,21.31,22.56,21.13,0.00,0.00,23.75,23.50,23.25,
0:13:51,4.203,21.43,4.20,0.59,0.27,0.60,21.31,22.56,21.13,0.00,0.00,23.75,23.50,22.75,
0:13:52,4.205,21.33,4.08,0.60,0.30,0.58,21.31,22.56,21.13,0.00,0.00,23.75,23.50,23.25,
0:13:53,4.205,21.40,4.08,0.59,0.30,0.59,21.31,22.56,21.13,0.00,0.00,23.75,23.50,23.25,
0:13:54,4.205,21.30,4.20,0.57,0.30,0.57,21.31,22.56,21.13,0.00,0.00,23.75,23.50,23.00,
0:13:55,4.207,21.33,4.20,0.57,0.30,0.55,21.31,22.69,21.13,0.00,0.00,23.75,23.50,23.00,
0:13:56,4.206,21.36,4.45,0.59,0.30,0.60,21.31,22.88,21.13,0.00,0.00,23.75,23.50,22.75,
0:13:57,4.207,21.33,4.20,0.57,0.29,0.60,21.31,23.13,21.13,0.00,0.00,23.75,23.50,22.75,
0:13:58,4.207,21.43,4.20,0.59,0.29,0.60,21.31,23.38,21.13,0.00,0.00,23.75,23.50,23.00,
0:13:59,4.257,21.36,4.20,0.60,0.32,0.58,21.31,23.69,21.13,0.00,0.00,23.75,23.50,23.00,
0:14:00,4.198,21.36,4.33,0.58,0.31,0.55,21.31,23.75,21.13,0.00,0.00,23.75,23.50,22.75,
0:14:01,4.198,21.36,4.33,0.58,0.33,0.58,21.31,23.81,21.13,0.00,0.00,23.75,23.50,22.75,
0:14:02,4.199,21.36,4.20,0.58,0.32,0.57,21.31,23.88,21.13,0.00,0.00,23.75,23.50,22.75,
0:14:03,4.198,21.36,4.33,0.59,0.32,0.60,21.31,23.88,21.13,0.00,0.00,23.75,23.50,22.75,
0:14:04,4.197,21.30,3.96,0.57,0.27,0.59,21.31,23.88,21.13,0.00,0.00,23.75,23.50,23.00,
0:14:05,4.197,21.36,4.20,0.58,0.31,0.62,21.31,23.94,21.13,0.00,0.00,23.75,23.50,22.75,
0:14:06,4.195,21.40,4.08,0.68,0.31,0.58,21.31,23.88,21.13,0.00,0.00,23.75,23.50,22.75,
0:14:07,4.193,21.30,4.45,0.59,0.30,0.57,21.31,23.94,21.13,0.00,0.00,23.75,23.50,22.75,
0:14:08,4.191,21.36,4.20,0.55,0.22,0.60,21.31,23.88,21.13,0.00,0.00,23.75,23.50,22.75,
0:14:09,4.187,21.27,4.20,0.60,0.29,0.62,21.31,23.88,21.13,0.00,0.00,23.75,23.50,22.75,
0:14:10,4.168,21.43,4.33,0.59,0.31,0.59,21.31,23.88,21.13,0.00,0.00,23.75,23.50,23.00,
0:14:11,4.155,21.36,4.20,0.59,0.27,0.57,21.31,23.88,21.13,0.00,0.00,23.75,23.50,22.75,
0:14:12,4.120,21.36,4.08,0.60,0.30,0.60,21.31,23.88,21.13,0.00,0.00,23.75,23.50,23.00,
0:14:13,1.134,21.33,4.20,0.59,0.31,0.60,21.31,23.88,21.13,0.00,0.00,23.75,23.50,22.75,
0:14:14,0.960,21.43,4.33,0.57,0.30,0.58,21.31,23.88,21.13,0.00,0.00,23.75,23.50,23.00,
0:14:15,1.149,21.27,4.33,0.59,0.27,0.57,21.31,23.88,21.13,0.00,0.00,23.75,23.50,22.75,
0:14:16,0.814,21.30,4.20,0.59,0.26,0.59,21.31,23.88,21.13,0.00,0.00,23.75,23.50,22.75,
0:14:17,-0.405,21.30,4.33,0.57,0.26,0.55,21.31,23.88,21.13,0.00,0.00,23.75,23.50,23.00,
0:14:18,-0.924,21.40,4.20,0.58,0.30,0.60,21.31,23.88,21.13,0.00,0.00,23.75,23.50,22.75,
0:14:19,-1.814,21.40,4.20,0.57,0.27,0.60,21.31,23.88,21.13,0.00,0.00,23.75,23.50,23.00,
0:14:20,-2.030,21.33,4.20,0.60,0.27,0.57,21.31,23.88,21.13,0.00,0.00,23.75,23.50,23.00,
0:14:21,-2.423,21.30,4.33,0.55,0.27,0.54,21.31,23.88,21.13,0.00,0.00,23.75,23.50,22.75,
0:14:22,-2.736,21.27,4.57,0.58,0.27,0.60,21.31,23.88,21.13,0.00,0.00,23.75,23.50,22.75,
0:14:23,-2.915,21.33,4.20,0.59,0.26,0.57,21.31,23.81,21.13,0.00,0.00,23.75,23.50,23.00,
0:14:24,-2.838,21.12,4.33,0.55,0.27,0.55,21.31,23.81,21.13,0.00,0.00,23.75,23.50,22.75,
0:14:25,-3.072,21.30,4.33,0.57,0.30,0.55,21.31,23.81,21.13,0.00,0.00,23.75,23.50,22.75,
0:14:26,-3.229,21.36,4.45,0.58,0.30,0.58,21.31,23.81,21.13,0.00,0.00,23.75,23.50,23.00,
0:14:27,-3.165,21.36,4.33,0.55,0.30,0.58,21.31,23.81,21.13,0.00,0.00,23.75,23.50,23.00,
0:14:28,-3.222,21.33,4.45,0.60,0.31,0.59,21.31,23.81,21.13,0.00,0.00,24.00,23.50,23.00,
0:14:29,-3.369,21.36,4.57,0.57,0.30,0.58,21.31,23.81,21.13,0.00,0.00,23.75,23.50,23.00,
0:14:30,-3.271,21.33,4.45,0.59,0.31,0.58,21.31,23.81,21.13,0.00,0.00,23.75,23.50,22.75,
0:14:31,-3.485,21.36,4.69,0.59,0.33,0.59,21.31,23.81,21.13,0.00,0.00,24.00,23.50,22.75,
0:14:32,-3.641,21.21,4.69,0.60,0.31,0.57,21.31,23.81,21.13,0.00,0.00,23.75,23.50,23.00,
0:14:33,-3.576,21.43,4.69,0.58,0.27,0.58,21.31,23.81,21.13,0.00,0.00,23.75,23.50,23.00,
0:14:34,-3.666,21.43,4.94,0.59,0.29,0.57,21.31,23.81,21.13,0.00,0.00,23.75,23.50,23.00,
0:14:35,-3.659,21.27,4.94,0.57,0.29,0.59,21.31,23.81,21.13,0.00,0.00,23.75,23.50,22.75,
0:14:36,-3.450,21.36,5.18,0.59,0.30,0.55,21.31,23.81,21.13,0.00,0.00,23.75,23.50,23.00,
0:14:37,-2.271,21.40,5.30,0.58,0.30,0.60,21.31,23.75,21.13,0.00,0.00,24.00,23.50,22.75,
0:14:38,1.168,21.36,5.43,0.58,0.29,0.60,21.31,23.75,21.13,0.00,0.00,23.75,23.50,23.00,
0:14:39,4.111,21.40,5.55,0.60,0.29,0.57,21.31,23.75,21.13,0.00,0.00,24.00,23.50,22.75,
0:14:40,4.176,21.36,5.55,0.55,0.26,0.59,21.31,23.75,21.13,0.00,0.00,23.75,23.50,23.00,
0:14:41,4.187,21.33,5.67,0.59,0.30,0.58,21.31,23.75,21.13,0.00,0.00,24.00,23.50,23.00,
0:14:42,4.191,21.36,5.67,0.55,0.27,0.59,21.31,23.75,21.13,0.00,0.00,24.00,23.50,23.00,
0:14:43,4.195,21.30,5.79,0.59,0.31,0.60,21.31,23.75,21.13,0.00,0.00,24.00,23.50,22.75,
0:14:44,4.197,21.30,5.79,0.57,0.31,0.59,21.31,23.75,21.13,0.00,0.00,24.00,23.50,22.75,
0:14:45,4.198,21.27,6.04,0.57,0.27,0.58,21.31,23.75,21.13,0.00,0.00,23.75,23.50,22.75,
0:14:46,4.199,21.36,6.16,0.59,0.26,0.59,21.31,23.75,21.13,0.00,0.00,24.00,23.50,23.00,
0:14:47,4.200,21.46,6.40,0.60,0.31,0.60,21.31,23.75,21.13,0.00,0.00,23.75,23.50,22.75,
0:14:48,4.200,21.30,6.65,0.58,0.31,0.59,21.31,23.75,21.13,0.00,0.00,23.75,23.50,23.00,
0:14:49,4.200,21.30,6.65,0.59,0.29,0.58,21.31,23.75,21.13,0.00,0.00,23.75,23.50,22.75,
0:14:50,4.200,21.27,6.77,0.57,0.29,0.57,21.31,23.75,21.13,0.00,0.00,23.75,23.50,22.75,
0:14:51,4.201,21.33,6.89,0.62,0.27,0.57,21.31,23.75,21.13,0.00,0.00,24.00,23.50,22.75,
0:14:52,4.201,21.40,7.01,0.58,0.31,0.57,21.31,23.75,21.13,0.00,0.00,24.00,23.50,22.75,
0:14:53,4.201,21.40,7.38,0.57,0.30,0.59,21.31,23.75,21.13,0.00,0.00,23.75,23.50,22.75,
0:14:54,4.201,21.43,7.38,0.59,0.29,0.60,21.31,23.75,21.13,0.00,0.00,24.00,23.50,23.00,
0:14:55,4.201,21.40,7.50,0.58,0.31,0.60,21.31,23.69,21.13,0.00,0.00,24.00,23.50,23.00,
0:14:56,4.201,21.40,7.62,0.62,0.31,0.57,21.31,23.69,21.13,0.00,0.00,24.00,23.50,23.00,
0:14:57,4.201,21.27,7.14,0.60,0.29,0.60,21.31,23.69,21.13,0.00,0.00,23.75,23.50,22.75,
0:14:58,4.201,21.36,7.50,0.60,0.29,0.58,21.31,23.75,21.13,0.00,0.00,24.00,23.50,22.75,
0:14:59,4.200,21.33,7.50,0.58,0.30,0.59,21.31,23.69,21.13,0.00,0.00,24.00,23.50,22.75,
0:15:00,4.201,21.40,7.62,0.58,0.30,0.60,21.31,23.69,21.13,0.00,0.00,23.75,23.50,22.75,
0:15:01,4.201,21.36,7.75,0.58,0.31,0.59,21.31,23.69,21.13,0.00,0.00,23.75,23.50,22.75,
0:15:02,4.201,21.46,7.75,0.57,0.32,0.60,21.31,23.69,21.13,0.00,0.00,23.75,23.50,22.75,
0:15:03,4.208,21.33,8.72,0.59,0.30,0.59,21.31,23.69,21.13,0.00,0.00,24.00,23.50,22.75,
0:15:04,4.208,21.30,7.87,0.59,0.27,0.57,21.31,23.69,21.13,0.00,0.00,23.75,23.50,22.75,
0:15:05,4.208,21.36,8.85,0.59,0.32,0.58,21.31,23.69,21.13,0.00,0.00,23.75,23.50,22.75,
0:15:06,4.201,21.30,8.11,0.55,0.29,0.57,21.31,23.69,21.13,0.00,0.00,23.75,23.50,22.75,
0:15:07,4.200,21.40,8.11,0.60,0.29,0.57,21.31,23.69,21.13,0.00,0.00,24.00,23.50,22.75,
0:15:08,4.201,21.43,8.24,0.57,0.29,0.59,21.31,23.69,21.13,0.00,0.00,24.00,23.50,22.75,
0:15:09,4.207,21.30,8.11,0.58,0.30,0.60,21.31,23.69,21.13,0.00,0.00,24.00,23.50,23.00,
0:15:10,4.207,21.24,8.24,0.57,0.29,0.60,21.31,23.69,21.13,0.00,0.00,24.00,23.50,22.75,
0:15:11,4.207,21.33,8.36,0.59,0.29,0.58,21.31,23.69,21.13,0.00,0.00,23.75,23.50,22.75,
0:15:12,4.243,21.46,8.36,0.55,0.31,0.60,21.31,23.69,21.13,0.00,0.00,24.00,23.50,22.75,
0:15:13,4.200,21.40,8.48,0.62,0.29,0.60,21.31,23.63,21.13,0.00,0.00,24.00,23.50,22.75,
0:15:14,4.200,21.30,8.48,0.59,0.27,0.60,21.31,23.69,21.13,0.00,0.00,24.00,23.50,22.75,
0:15:15,4.200,21.36,8.72,0.57,0.27,0.60,21.31,23.69,21.13,0.00,0.00,24.00,23.50,22.75,
0:15:16,4.201,21.36,8.72,0.58,0.27,0.59,21.31,23.69,21.13,0.00,0.00,24.00,23.50,22.75,
0:15:17,4.201,21.21,8.60,0.60,0.26,0.58,21.31,23.63,21.13,0.00,0.00,24.00,23.50,22.75,
0:15:18,4.200,21.27,8.85,0.57,0.31,0.59,21.31,23.63,21.13,0.00,0.00,24.00,23.50,22.75,
0:15:19,4.201,21.27,8.85,0.60,0.30,0.59,21.31,23.63,21.13,0.00,0.00,24.00,23.50,22.75,
0:15:20,4.201,21.36,8.60,0.60,0.29,0.63,21.31,23.63,21.13,0.00,0.00,24.00,23.50,22.75,
0:15:21,4.201,21.24,8.85,0.57,0.31,0.60,21.31,23.63,21.13,0.00,0.00,23.75,23.50,22.75,
0:15:22,4.211,21.36,9.09,0.58,0.27,0.58,21.31,23.63,21.13,0.00,0.00,24.00,23.50,22.75,
0:15:23,4.201,21.30,8.72,0.57,0.29,0.59,21.31,23.63,21.13,0.00,0.00,24.00,23.50,23.00,
0:15:24,4.209,21.76,8.97,0.58,0.30,0.60,21.31,23.63,21.13,0.00,0.00,24.00,23.50,23.00,
0:15:25,4.208,21.30,8.97,0.59,0.32,0.58,21.31,23.63,21.13,0.00,0.00,24.00,23.50,22.75,
0:15:26,4.208,21.43,8.97,0.59,0.30,0.60,21.31,23.63,21.13,0.00,0.00,24.00,23.50,22.75,
0:15:27,4.208,21.33,9.09,0.62,0.27,0.60,21.31,23.63,21.13,0.00,0.00,23.75,23.50,22.75,
0:15:28,4.208,21.33,8.85,0.62,0.29,0.58,21.31,23.63,21.13,0.00,0.00,24.00,23.50,22.75,
0:15:29,4.209,21.33,8.85,0.60,0.29,0.62,21.31,23.63,21.13,0.00,0.00,24.00,23.50,22.75,
0:15:30,4.208,21.33,9.09,0.58,0.31,0.60,21.31,23.63,21.13,0.00,0.00,24.00,23.50,22.75,
0:15:31,4.208,21.24,9.21,0.59,0.27,0.59,21.31,23.63,21.13,0.00,0.00,24.00,23.50,22.75,
0:15:32,4.208,21.40,9.09,0.57,0.29,0.62,21.31,23.63,21.13,0.00,0.00,24.00,23.50,22.75,
0:15:33,4.208,21.24,9.09,0.60,0.31,0.58,21.31,23.63,21.13,0.00,0.00,24.00,23.50,22.75,
0:15:34,4.208,21.33,9.34,0.59,0.31,0.58,21.31,23.63,21.13,0.00,0.00,24.00,23.50,22.75,
0:15:35,4.208,21.33,9.09,0.57,0.29,0.58,21.31,23.63,21.13,0.00,0.00,24.00,23.50,22.75,
0:15:36,4.208,21.36,10.56,0.59,0.29,0.62,21.31,23.63,21.13,0.00,0.00,23.75,23.50,22.75,
0:15:37,4.208,21.36,9.34,0.60,0.27,0.62,21.31,23.63,21.13,0.00,0.00,23.75,23.50,22.75,
0:15:38,4.208,21.18,9.58,0.58,0.29,0.59,21.31,23.56,21.13,0.00,0.00,23.75,23.50,22.75,
0:15:39,4.208,21.24,9.58,0.58,0.27,0.60,21.31,23.56,21.13,0.00,0.00,24.00,23.50,22.75,
0:15:40,4.208,21.40,9.82,0.62,0.29,0.59,21.31,23.56,21.13,0.00,0.00,24.00,23.50,22.75,
0:15:41,4.209,21.27,9.58,0.63,0.31,0.62,21.31,23.56,21.13,0.00,0.00,24.00,23.50,22.75,
0:15:42,4.209,21.30,9.95,0.58,0.31,0.60,21.31,23.56,21.19,0.00,0.00,24.00,23.50,22.75,
0:15:43,4.208,21.24,9.70,0.59,0.29,0.60,21.31,23.56,21.13,0.00,0.00,24.00,23.50,22.75,
0:15:44,4.208,21.33,10.07,0.58,0.30,0.60,21.31,23.56,21.19,0.00,0.00,24.00,23.50,22.75,
0:15:45,4.208,21.24,10.07,0.59,0.30,0.55,21.38,23.56,21.19,0.00,0.00,24.00,23.50,22.75,
0:15:46,4.208,21.09,10.19,0.60,0.31,0.58,21.31,23.56,21.19,0.00,0.00,24.00,23.50,22.75,
0:15:47,4.209,21.33,10.31,0.58,0.27,0.59,21.38,23.56,21.19,0.00,0.00,24.00,23.50,22.75,
0:15:48,4.209,21.27,10.19,0.51,0.30,0.62,21.38,23.56,21.19,0.00,0.00,24.00,23.50,22.75,
0:15:49,4.208,21.24,10.31,0.60,0.29,0.62,21.31,23.56,21.19,0.00,0.00,24.00,23.50,22.75,
0:15:50,4.209,21.33,10.68,0.59,0.26,0.62,21.38,23.56,21.19,0.00,0.00,24.00,23.50,23.00,
0:15:51,4.208,21.36,10.68,0.62,0.30,0.60,21.38,23.50,21.19,0.00,0.00,24.00,23.50,22.75,
0:15:52,4.208,21.27,11.17,0.58,0.32,0.59,21.38,23.50,21.19,0.00,0.00,24.00,23.50,22.75,
0:15:53,4.209,21.27,11.05,0.58,0.30,0.59,21.38,23.56,21.19,0.00,0.00,24.00,23.50,22.75,
0:15:54,4.209,21.46,11.41,0.59,0.27,0.58,21.31,23.56,21.19,0.00,0.00,24.00,23.50,22.75,
0:15:55,4.208,21.24,11.05,0.55,0.27,0.60,21.38,23.50,21.19,0.00,0.00,24.00,23.50,22.75,
0:15:56,4.208,21.36,11.41,0.58,0.27,0.58,21.38,23.50,21.19,0.00,0.00,24.00,23.50,22.75,
0:15:57,4.208,21.36,11.41,0.58,0.31,0.59,21.38,23.50,21.19,0.00,0.00,24.00,23.50,22.75,
0:15:58,4.208,21.27,11.53,0.60,0.26,0.59,21.38,23.50,21.19,0.00,0.00,24.00,23.50,22.75,
0:15:59,4.208,21.36,11.90,0.60,0.30,0.59,21.38,23.50,21.19,0.00,0.00,23.75,23.50,22.75,
0:16:00,4.209,21.36,12.15,0.58,0.32,0.58,21.38,23.50,21.19,0.00,0.00,23.75,23.50,22.75,
0:16:01,4.209,21.33,12.39,0.62,0.31,0.58,21.38,23.50,21.19,0.00,0.00,23.75,23.50,22.75,
0:16:02,4.208,21.21,12.27,0.60,0.29,0.58,21.38,23.50,21.19,0.00,0.00,24.00,23.50,22.75,
0:16:03,4.209,21.30,12.51,0.60,0.31,0.60,21.38,23.50,21.19,0.00,0.00,24.00,23.50,23.00,
0:16:04,4.208,21.33,12.63,0.59,0.30,0.55,21.38,23.50,21.19,0.00,0.00,24.00,23.50,22.75,
0:16:05,4.208,21.43,12.63,0.60,0.27,0.60,21.38,23.50,21.19,0.00,0.00,24.00,23.50,23.00,
0:16:06,4.208,21.27,12.51,0.53,0.27,0.57,21.38,23.50,21.19,0.00,0.00,23.75,23.50,22.75,
0:16:07,4.208,21.27,12.76,0.58,0.29,0.59,21.38,23.50,21.19,0.00,0.00,23.75,23.50,22.75,
0:16:08,4.209,21.24,13.00,0.59,0.26,0.60,21.38,23.50,21.19,0.00,0.00,24.00,23.50,22.75,
0:16:09,4.209,21.27,13.00,0.57,0.30,0.58,21.38,23.44,21.19,0.00,0.00,24.00,23.50,22.75,
0:16:10,4.208,21.30,13.12,0.57,0.31,0.62,21.38,23.44,21.19,0.00,0.00,23.75,23.50,22.75,
0:16:11,4.209,21.36,12.88,0.60,0.31,0.62,21.38,23.44,21.19,0.00,0.00,23.75,23.50,22.75,
0:16:12,4.209,21.33,13.37,0.60,0.31,0.58,21.38,23.44,21.19,0.00,0.00,24.00,23.50,22.75,
0:16:13,4.209,21.33,13.49,0.58,0.29,0.57,21.38,23.44,21.19,0.00,0.00,24.00,23.50,22.75,
0:16:14,4.208,21.27,13.37,0.60,0.32,0.59,21.38,23.44,21.19,0.00,0.00,24.00,23.50,22.75,
0:16:15,4.209,21.33,13.98,0.57,0.36,0.60,21.38,23.44,21.19,0.00,0.00,24.00,23.50,22.75,
0:16:16,4.209,21.33,13.98,0.57,0.30,0.60,21.38,23.44,21.19,0.00,0.00,23.75,23.50,22.75,
0:16:17,4.208,21.30,13.98,0.59,0.31,0.58,21.38,23.44,21.19,0.00,0.00,24.00,23.50,22.75,
0:16:18,4.208,21.40,14.10,0.57,0.32,0.58,21.38,23.44,21.19,0.00,0.00,24.00,23.50,22.75,
0:16:19,4.208,21.33,13.73,0.59,0.29,0.59,21.38,23.44,21.19,0.00,0.00,24.00,23.50,22.75,
0:16:20,4.208,21.33,14.10,0.59,0.30,0.58,21.38,23.44,21.19,0.00,0.00,24.00,23.50,22.75,
0:16:21,4.208,21.27,14.10,0.57,0.30,0.58,21.38,23.44,21.19,0.00,0.00,24.00,23.50,22.75,
0:16:22,4.208,21.27,14.10,0.57,0.33,0.59,21.38,23.44,21.19,0.00,0.00,24.00,23.50,22.75,
0:16:23,4.209,21.30,14.59,0.57,0.31,0.63,21.38,23.38,21.19,0.00,0.00,24.00,23.50,22.75,
0:16:24,4.208,21.21,14.59,0.59,0.32,0.59,21.38,23.38,21.19,0.00,0.00,24.00,23.50,22.75,
0:16:25,4.208,21.40,14.71,0.59,0.29,0.55,21.38,23.38,21.19,0.00,0.00,24.00,23.50,22.75,
0:16:26,4.208,21.43,14.59,0.59,0.29,0.57,21.38,23.38,21.19,0.00,0.00,23.75,23.50,22.75,
0:16:27,4.208,21.24,14.96,0.59,0.30,0.59,21.38,23.38,21.19,0.00,0.00,23.75,23.50,22.75,
0:16:28,4.209,21.30,14.59,0.58,0.26,0.57,21.38,23.38,21.19,0.00,0.00,23.75,23.50,22.75,
0:16:29,4.209,21.27,14.71,0.57,0.31,0.55,21.38,23.38,21.19,0.00,0.00,24.00,23.50,22.75,
0:16:30,4.208,21.36,15.08,0.60,0.30,0.62,21.38,23.38,21.19,0.00,0.00,24.00,23.50,22.75,
0:16:31,4.208,21.30,15.08,0.59,0.32,0.59,21.38,23.38,21.19,0.00,0.00,24.00,23.50,22.75,
0:16:32,4.208,21.30,15.32,0.60,0.30,0.59,21.38,23.38,21.19,0.00,0.00,24.00,23.50,22.75,
0:16:33,4.208,21.27,15.32,0.60,0.33,0.58,21.38,23.38,21.19,0.00,0.00,23.75,23.50,22.75,
0:16:34,4.208,21.30,15.93,0.58,0.35,0.58,21.38,23.38,21.19,0.00,0.00,23.75,23.50,23.00,
0:16:35,4.208,21.21,15.69,0.58,0.32,0.57,21.38,23.38,21.19,0.00,0.00,23.75,23.50,22.75,
0:16:36,4.208,21.33,16.06,0.55,0.33,0.55,21.38,23.38,21.19,0.00,0.00,23.75,23.50,22.75,
0:16:37,4.208,21.36,16.06,0.57,0.32,0.57,21.38,23.38,21.19,0.00,0.00,23.75,23.50,22.75,
0:16:38,4.209,21.30,15.93,0.59,0.33,0.59,21.38,23.38,21.19,0.00,0.00,23.75,23.50,22.75,
0:16:39,4.208,21.21,16.18,0.54,0.27,0.55,21.38,23.31,21.19,0.00,0.00,23.75,23.50,22.75,
0:16:40,4.209,21.36,16.42,0.58,0.33,0.60,21.38,23.38,21.19,0.00,0.00,23.75,23.50,23.00,
0:16:41,4.208,21.27,16.67,0.54,0.33,0.58,21.38,23.38,21.19,0.00,0.00,23.75,23.50,23.00,
0:16:42,4.209,21.36,16.30,0.60,0.27,0.60,21.38,23.38,21.19,0.00,0.00,23.75,23.50,23.00,
0:16:43,4.208,21.30,16.79,0.57,0.29,0.58,21.38,23.38,21.19,0.00,0.00,23.75,23.50,22.75,
0:16:44,4.209,21.36,16.91,0.59,0.35,0.52,21.38,23.31,21.19,0.00,0.00,23.75,23.50,23.00,
0:16:45,4.208,21.33,17.16,0.55,0.29,0.58,21.38,23.38,21.19,0.00,0.00,23.75,23.50,23.00,
0:16:46,4.208,21.40,17.52,0.57,0.30,0.57,21.38,23.38,21.19,0.00,0.00,23.75,23.50,22.75,
0:16:47,4.208,21.30,17.64,0.57,0.31,0.57,21.38,23.31,21.19,0.00,0.00,23.75,23.50,22.75,
0:16:48,4.209,21.36,17.52,0.55,0.30,0.58,21.38,23.38,21.19,0.00,0.00,23.75,23.50,22.75,
0:16:49,4.209,21.30,18.38,0.55,0.29,0.62,21.38,23.31,21.19,0.00,0.00,23.75,23.50,22.75,
0:22:44,4.205,21.36,50.51,0.65,0.37,0.65,25.88,22.19,21.25,0.00,0.00,24.00,23.75,23.00,
0:22:45,4.205,21.30,50.88,0.65,0.37,0.63,25.94,22.19,21.25,0.00,0.00,24.25,23.75,23.00,
0:22:46,4.206,21.24,51.00,0.62,0.37,0.60,26.13,22.13,21.25,0.00,0.00,24.25,23.75,23.00,
0:22:47,4.206,21.40,51.25,0.63,0.40,0.62,26.19,22.19,21.25,0.00,0.00,24.25,23.75,23.00,
0:22:48,4.207,21.40,51.12,0.65,0.38,0.63,26.25,22.13,21.25,0.00,0.00,24.25,23.75,23.00,
0:22:49,4.206,21.30,51.74,0.65,0.36,0.63,26.38,22.13,21.25,0.00,0.00,24.25,23.75,23.00,
0:22:50,4.206,21.30,51.86,0.64,0.38,0.65,26.38,22.13,21.25,0.00,0.00,24.25,23.75,23.00,
0:22:51,4.207,21.30,51.86,0.63,0.36,0.60,26.44,22.13,21.25,0.00,0.00,24.25,23.75,23.00,
0:22:52,4.206,21.43,51.98,0.66,0.37,0.63,26.50,22.13,21.25,0.00,0.00,24.25,23.75,23.25,
0:22:53,4.207,21.33,52.59,0.63,0.37,0.66,26.63,22.13,21.25,0.00,0.00,24.25,23.75,23.00,
0:22:54,4.205,21.27,52.59,0.65,0.33,0.65,26.69,22.13,21.25,0.00,0.00,24.25,23.50,23.00,
0:22:55,4.205,21.30,52.71,0.62,0.40,0.62,26.69,22.13,21.25,0.00,0.00,24.25,23.75,23.00,
0:22:56,4.205,21.40,52.96,0.62,0.36,0.62,26.69,22.13,21.25,0.00,0.00,24.25,23.75,23.25,
0:22:57,4.205,21.24,53.20,0.64,0.44,0.64,26.63,22.13,21.25,0.00,0.00,24.25,23.75,23.00,
0:22:58,4.204,21.40,53.45,0.65,0.35,0.62,26.63,22.13,21.25,0.00,0.00,24.25,23.75,23.00,
0:22:59,4.204,21.33,53.69,0.62,0.40,0.63,26.63,22.13,21.25,0.00,0.00,24.25,23.75,23.00,
0:23:00,4.204,21.33,53.69,0.59,0.36,0.64,26.63,22.06,21.25,0.00,0.00,24.25,23.75,23.00,
0:23:01,4.205,21.33,53.81,0.62,0.36,0.62,26.63,22.06,21.25,0.00,0.00,24.25,23.75,23.00,
0:23:02,4.205,21.24,54.30,0.62,0.37,0.65,26.63,22.06,21.25,0.00,0.00,24.25,23.75,23.00,
0:23:03,4.205,21.21,54.42,0.65,0.38,0.60,26.63,22.06,21.25,0.00,0.00,24.25,23.75,23.00,
0:23:03,4.205,21.21,54.42,0.65,0.38,0.60,26.63,22.06,21.25,0.00,0.00,24.25,23.75,23.00,
0:23:04,4.205,21.27,54.42,0.64,0.36,0.62,26.63,22.06,21.25,0.00,0.00,24.25,23.75,23.00,
0:23:05,4.204,21.27,54.67,0.65,0.35,0.63,26.56,22.06,21.25,0.00,0.00,24.25,23.75,23.00,
0:23:06,4.205,21.21,54.42,0.62,0.35,0.60,26.56,22.06,21.25,0.00,0.00,24.25,23.75,23.25,
0:23:07,4.205,21.27,54.55,0.62,0.36,0.60,26.56,22.06,21.25,0.00,0.00,24.25,23.75,23.25,
0:23:08,4.205,21.36,54.55,0.60,0.35,0.60,26.56,22.06,21.25,0.00,0.00,24.25,23.75,23.25,
0:23:09,4.205,21.30,54.67,0.64,0.36,0.64,26.56,22.00,21.25,0.00,0.00,24.25,23.75,23.00,
0:23:10,4.205,21.40,54.67,0.64,0.37,0.63,26.50,22.00,21.25,0.00,0.00,24.25,23.75,23.25,
0:23:11,4.205,21.33,54.67,0.62,0.40,0.60,26.50,22.00,21.19,0.00,0.00,24.25,23.75,23.00,
0:23:12,4.205,21.36,54.79,0.62,0.35,0.62,26.50,22.00,21.25,0.00,0.00,24.25,23.75,23.25,
0:23:13,4.204,21.24,54.67,0.63,0.33,0.63,26.50,22.00,21.25,0.00,0.00,24.25,23.75,23.25,
0:23:14,4.205,21.30,54.79,0.58,0.33,0.60,26.50,22.00,21.25,0.00,0.00,24.25,23.75,23.00,
0:23:15,4.229,21.30,54.79,0.63,0.37,0.64,26.50,22.00,21.25,0.00,0.00,24.25,23.75,23.25,
0:23:16,3.284,21.30,54.79,0.60,0.36,0.64,26.50,22.00,21.25,0.00,0.00,24.25,23.75,23.25,
0:23:17,4.131,21.21,54.67,0.63,0.35,0.62,26.44,22.00,21.25,0.00,0.00,24.25,23.75,23.00,
0:23:18,4.229,21.30,54.55,0.63,0.37,0.65,26.44,22.00,21.25,0.00,0.00,24.25,23.75,23.00,
0:23:19,4.223,21.33,54.42,0.63,0.38,0.63,26.44,22.00,21.25,0.00,0.00,24.25,23.75,23.00,
0:23:20,4.206,21.30,54.18,0.60,0.30,0.63,26.44,22.00,21.19,0.00,0.00,24.25,23.75,23.25,
0:23:21,4.206,21.43,54.06,0.62,0.35,0.60,26.44,22.00,21.25,0.00,0.00,24.25,23.75,23.00,
0:23:22,4.465,21.49,53.81,0.60,0.35,0.62,26.44,22.00,21.25,0.00,0.00,24.25,23.75,23.00,
0:23:23,4.540,21.36,53.45,0.63,0.37,0.65,26.38,22.00,21.19,0.00,0.00,24.25,23.75,23.25,
0:23:23,4.540,21.36,53.45,0.63,0.37,0.65,26.38,22.00,21.19,0.00,0.00,24.25,23.75,23.25,
0:23:24,4.206,21.40,53.69,0.63,0.37,0.62,26.38,22.00,21.25,0.00,0.00,24.25,23.75,23.00,
0:23:25,4.206,21.30,53.08,0.62,0.36,0.62,26.38,22.00,21.25,0.00,0.00,24.25,23.75,23.00,
0:23:26,4.206,21.40,52.83,0.62,0.33,0.62,26.38,22.00,21.25,0.00,0.00,24.25,23.75,23.25,
0:23:27,4.206,21.30,52.83,0.63,0.36,0.65,26.38,21.94,21.25,0.00,0.00,24.25,23.75,23.00,
0:23:28,4.206,21.27,52.22,0.62,0.36,0.63,26.38,21.94,21.25,0.00,0.00,24.25,23.75,23.00,
0:23:29,4.199,21.33,52.47,0.62,0.36,0.64,26.38,21.94,21.25,0.00,0.00,24.25,23.75,23.00,
0:23:30,4.200,21.30,52.22,0.64,0.33,0.64,26.31,21.94,21.19,0.00,0.00,24.25,23.75,23.25,
0:23:31,4.199,21.36,51.98,0.69,0.36,0.64,26.31,21.94,21.19,0.00,0.00,24.25,23.75,23.00,
0:23:32,4.200,21.40,51.98,0.65,0.37,0.66,26.31,21.94,21.19,0.00,0.00,24.25,23.75,23.00,
0:23:33,4.200,21.36,52.10,0.63,0.36,0.62,26.31,21.94,21.19,0.00,0.00,24.25,23.75,23.00,
0:23:34,4.200,21.30,51.98,0.65,0.35,0.66,26.31,21.94,21.19,0.00,0.00,24.25,23.75,23.00,
0:23:35,4.200,21.24,51.86,0.62,0.37,0.64,26.31,21.94,21.19,0.00,0.00,24.25,23.75,23.00,
0:23:36,4.199,21.21,51.61,0.69,0.35,0.63,26.31,21.94,21.19,0.00,0.00,24.25,23.75,23.00,
0:23:37,4.199,21.40,51.61,0.65,0.33,0.64,26.31,21.94,21.19,0.00,0.00,24.25,23.50,23.00,
0:23:38,4.199,21.36,51.74,0.64,0.36,0.64,26.25,21.94,21.19,0.00,0.00,24.25,23.75,23.00,
0:23:39,4.199,21.24,51.74,0.63,0.36,0.63,26.25,21.94,21.19,0.00,0.00,24.25,23.50,23.25,
0:23:40,4.199,21.18,51.74,0.64,0.35,0.65,26.25,21.94,21.19,0.00,0.00,24.25,23.75,23.00,
0:23:41,4.199,21.36,51.61,0.62,0.36,0.62,26.25,21.88,21.19,0.00,0.00,24.25,23.75,23.00,
0:23:42,4.199,21.33,51.37,0.62,0.33,0.64,26.25,21.88,21.19,0.00,0.00,24.25,23.75,23.00,
0:23:42,4.199,21.33,51.37,0.62,0.33,0.64,26.25,21.88,21.19,0.00,0.00,24.25,23.75,23.00,
0:23:43,4.199,21.36,51.49,0.64,0.32,0.63,26.25,21.88,21.19,0.00,0.00,24.25,23.75,23.00,
0:23:44,4.199,21.33,51.25,0.64,0.32,0.64,26.25,21.88,21.19,0.00,0.00,24.25,23.75,23.00,
0:23:45,4.199,21.27,51.37,0.62,0.38,0.64,26.25,21.88,21.19,0.00,0.00,24.25,23.75,23.25,
0:23:46,4.199,21.21,51.25,0.62,0.33,0.63,26.19,21.88,21.19,0.00,0.00,24.25,23.75,23.00,
0:23:47,4.200,21.40,51.25,0.64,0.33,0.65,26.25,21.88,21.19,0.00,0.00,24.25,23.75,23.00,
0:23:48,4.200,21.27,51.37,0.64,0.32,0.64,26.19,21.88,21.19,0.00,0.00,24.25,23.75,23.00,
0:23:49,4.199,21.33,51.49,0.62,0.36,0.64,26.25,21.88,21.19,0.00,0.00,24.25,23.75,23.00,
0:23:50,4.199,21.43,51.25,0.62,0.31,0.64,26.19,21.88,21.19,0.00,0.00,24.25,23.75,23.25,
0:23:51,4.200,21.33,51.25,0.63,0.36,0.63,26.19,21.88,21.19,0.00,0.00,24.25,23.75,23.00,
0:23:52,4.200,21.36,51.25,0.63,0.36,0.64,26.19,21.88,21.19,0.00,0.00,24.25,23.75,23.00,
0:23:53,4.199,21.30,51.12,0.63,0.32,0.64,26.19,21.88,21.19,0.00,0.00,24.25,23.75,23.25,
0:23:54,4.200,21.40,51.37,0.58,0.32,0.63,26.19,21.81,21.19,0.00,0.00,24.25,23.75,23.00,
0:23:55,4.200,21.36,51.37,0.62,0.35,0.62,26.19,21.88,21.19,0.00,0.00,24.25,23.75,23.00,
0:23:56,4.200,21.27,51.49,0.64,0.25,0.63,26.25,21.81,21.19,0.00,0.00,24.25,23.75,23.00,
0:23:57,4.199,21.24,51.61,0.69,0.32,0.63,26.25,21.81,21.19,0.00,0.00,24.25,23.75,23.00,
0:23:58,4.199,21.27,51.37,0.64,0.37,0.65,26.19,21.81,21.19,0.00,0.00,24.25,23.75,23.00,
0:23:59,4.199,21.33,51.49,0.60,0.35,0.60,26.25,21.81,21.19,0.00,0.00,24.25,23.75,23.00,
0:24:00,4.199,21.33,51.86,0.64,0.33,0.63,26.25,21.81,21.19,0.00,0.00,24.25,23.75,23.00,
0:24:01,4.200,21.43,51.86,0.63,0.32,0.62,26.19,21.81,21.19,0.00,0.00,24.25,23.75,23.00,
0:24:02,4.200,21.30,51.98,0.66,0.33,0.65,26.25,21.81,21.19,0.00,0.00,24.25,23.50,23.00,
0:24:03,4.200,21.30,52.22,0.63,0.36,0.60,26.25,21.81,21.19,0.00,0.00,24.25,23.75,23.00,
0:24:04,4.199,21.36,52.35,0.63,0.35,0.65,26.19,21.81,21.19,0.00,0.00,24.25,23.75,23.00,
0:24:05,4.199,21.24,52.22,0.65,0.33,0.63,26.19,21.81,21.19,0.00,0.00,24.25,23.75,23.00,
0:24:06,4.199,21.24,52.59,0.63,0.37,0.63,26.19,21.81,21.19,0.00,0.00,24.25,23.75,23.25,
0:24:07,4.199,21.33,52.71,0.62,0.32,0.60,26.25,21.81,21.19,0.00,0.00,24.25,23.75,23.00,
0:24:08,4.200,21.33,52.71,0.63,0.36,0.65,26.19,21.81,21.19,0.00,0.00,24.25,23.75,23.00,
0:24:09,4.199,21.46,53.08,0.63,0.31,0.64,26.19,21.81,21.19,0.00,0.00,24.25,23.75,23.25,
0:24:10,4.199,21.27,53.20,0.60,0.37,0.64,26.25,21.81,21.19,0.00,0.00,24.25,23.75,23.25,
0:24:11,4.199,21.33,53.69,0.63,0.35,0.60,26.19,21.81,21.19,0.00,0.00,24.00,23.75,23.00,
0:24:12,4.199,21.27,53.45,0.65,0.51,0.63,26.19,21.81,21.19,0.00,0.00,24.00,23.75,23.00,
0:24:13,4.199,21.27,53.45,0.63,0.36,0.65,26.25,21.81,21.19,0.00,0.00,24.00,23.75,23.00,
0:24:14,4.199,21.30,53.93,0.63,0.32,0.62,26.25,21.75,21.19,0.00,0.00,24.00,23.75,23.00,
0:24:15,4.199,21.27,53.81,0.64,0.33,0.63,26.25,21.75,21.19,0.00,0.00,24.00,23.50,23.00,
0:24:16,4.199,21.24,53.93,0.65,0.36,0.64,26.25,21.75,21.19,0.00,0.00,24.00,23.75,23.00,
0:24:17,4.199,21.15,53.93,0.62,0.35,0.63,26.25,21.81,21.19,0.00,0.00,24.00,23.75,23.00,
0:24:18,4.199,21.33,54.18,0.60,0.33,0.62,26.25,21.75,21.19,0.00,0.00,24.25,23.75,23.00,
0:24:19,4.199,21.27,54.42,0.60,0.35,0.62,26.25,21.75,21.19,0.00,0.00,24.00,23.75,23.00,
0:24:20,4.199,21.24,54.67,0.65,0.35,0.64,26.19,21.75,21.19,0.00,0.00,24.25,23.75,23.00,
0:24:21,4.199,21.27,54.67,0.64,0.36,0.59,26.25,21.81,21.19,0.00,0.00,24.00,23.75,23.00,
0:24:22,4.199,21.30,55.16,0.62,0.37,0.75,26.25,21.75,21.19,0.00,0.00,24.25,23.75,23.00,
0:24:15,4.199,21.27,53.81,0.64,0.33,0.63,26.25,21.75,21.19,0.00,0.00,24.00,23.50,23.00,
0:24:16,4.199,21.24,53.93,0.65,0.36,0.64,26.25,21.75,21.19,0.00,0.00,24.00,23.75,23.00,
0:24:17,4.199,21.15,53.93,0.62,0.35,0.63,26.25,21.81,21.19,0.00,0.00,24.00,23.75,23.00,
0:24:18,4.199,21.33,54.18,0.60,0.33,0.62,26.25,21.75,21.19,0.00,0.00,24.25,23.75,23.00,
0:24:19,4.199,21.27,54.42,0.60,0.35,0.62,26.25,21.75,21.19,0.00,0.00,24.00,23.75,23.00,
0:24:20,4.199,21.24,54.67,0.65,0.35,0.64,26.19,21.75,21.19,0.00,0.00,24.25,23.75,23.00,
0:24:21,4.199,21.27,54.67,0.64,0.36,0.59,26.25,21.81,21.19,0.00,0.00,24.00,23.75,23.00,
0:24:22,4.199,21.30,55.16,0.62,0.37,0.75,26.25,21.75,21.19,0.00,0.00,24.25,23.75,23.00,
0:24:23,4.199,21.27,55.03,0.63,0.37,0.63,26.25,21.81,21.19,0.00,0.00,24.00,23.75,23.00,
0:24:24,4.199,21.33,55.28,0.62,0.33,0.63,26.25,21.81,21.19,0.00,0.00,24.25,23.50,23.00,
0:24:25,4.199,21.33,55.40,0.66,0.36,0.64,26.25,21.75,21.19,0.00,0.00,24.00,23.75,23.00,
0:24:26,4.199,21.24,55.77,0.60,0.37,0.60,26.25,21.75,21.19,0.00,0.00,24.00,23.75,23.00,
0:24:27,4.199,21.36,55.28,0.63,0.32,0.64,26.25,21.75,21.19,0.00,0.00,24.00,23.75,23.00,
0:24:28,4.199,21.30,56.13,0.63,0.35,0.63,26.25,21.81,21.19,0.00,0.00,24.00,23.75,23.00,
0:24:29,4.200,21.27,56.50,0.63,0.33,0.63,26.25,21.75,21.19,0.00,0.00,24.00,23.75,23.00,
0:24:30,4.199,21.36,56.74,0.65,0.33,0.60,26.38,21.75,21.25,0.00,0.00,24.25,23.50,23.00,
0:24:31,4.199,21.27,56.62,0.62,0.36,0.63,26.50,21.75,21.19,0.00,0.00,24.00,23.75,23.25,
0:24:32,4.199,21.36,56.99,0.64,0.32,0.63,26.63,21.81,21.25,0.00,0.00,24.25,23.75,23.00,
0:24:33,4.199,21.30,57.72,0.63,0.32,0.62,26.88,21.81,21.19,0.00,0.00,24.25,23.75,23.00,
0:24:34,4.199,21.21,57.60,0.60,0.33,0.62,26.94,21.81,21.25,0.00,0.00,24.25,23.75,23.25,
0:24:35,4.199,21.30,57.48,0.60,0.33,0.62,27.00,21.75,21.25,0.00,0.00,24.25,23.75,23.00,
0:24:36,4.199,21.27,58.09,0.63,0.36,0.63,27.06,21.81,21.25,0.00,0.00,24.25,23.75,23.00,
0:24:37,4.199,21.27,57.97,0.60,0.35,0.60,27.06,21.75,21.25,0.00,0.00,24.00,23.75,23.25,
0:24:39,4.199,21.36,58.21,0.62,0.37,0.63,27.06,21.75,21.25,0.00,0.00,24.25,23.75,23.00,
0:24:40,4.199,21.40,58.46,0.63,0.32,0.62,27.06,21.75,21.25,0.00,0.00,24.25,23.75,23.00,
0:24:41,4.294,21.33,58.46,0.62,0.33,0.59,27.06,21.75,21.25,0.00,0.00,24.25,23.75,23.00,
0:24:42,4.298,21.30,58.70,0.64,0.32,0.64,27.06,21.75,21.25,0.00,0.00,24.00,23.75,23.00,
0:24:43,4.273,21.27,58.58,0.62,0.32,0.63,27.06,21.75,21.25,0.00,0.00,24.25,23.75,23.25,
0:24:44,4.273,21.27,58.82,0.63,0.37,0.64,27.06,21.75,21.25,0.00,0.00,24.25,23.75,23.00,
0:24:45,4.273,21.30,58.82,0.66,0.35,0.65,27.06,21.75,21.25,0.00,0.00,24.00,23.75,23.00,
0:24:46,4.273,21.36,58.21,0.60,0.36,0.64,27.00,21.75,21.25,0.00,0.00,24.25,23.75,23.00,
0:24:47,4.273,21.30,58.82,0.60,0.37,0.63,27.00,21.81,21.25,0.00,0.00,24.25,23.75,23.00,
0:24:48,4.273,21.27,59.07,0.60,0.29,0.59,27.00,21.75,21.25,0.00,0.00,24.25,23.75,23.00,
0:24:49,4.274,21.36,59.31,0.62,0.36,0.60,27.00,21.75,21.25,0.00,0.00,24.00,23.75,23.00,
0:24:50,4.274,21.36,59.56,0.62,0.38,0.63,27.00,21.75,21.25,0.00,0.00,24.00,23.75,23.00,
0:24:51,4.274,21.18,59.68,0.62,0.37,0.64,27.00,21.75,21.25,0.00,0.00,24.25,23.75,23.00,
0:24:52,4.273,21.27,59.31,0.64,0.32,0.64,27.00,21.75,21.25,0.00,0.00,24.00,23.75,23.00,
0:24:53,4.273,21.30,59.92,0.59,0.37,0.63,27.00,21.81,21.25,0.00,0.00,24.25,23.75,23.00,
0:24:54,4.273,21.40,59.80,0.65,0.37,0.66,27.00,21.75,21.25,0.00,0.00,24.00,23.75,23.00,
0:24:55,4.273,21.36,60.04,0.62,0.32,0.60,27.00,21.81,21.25,0.00,0.00,24.00,23.75,23.00,
0:24:56,4.273,21.27,60.17,0.59,0.33,0.63,27.00,21.75,21.25,0.00,0.00,24.00,23.75,23.00,
0:24:57,4.273,21.27,60.29,0.60,0.32,0.65,27.00,21.75,21.25,0.00,0.00,24.00,23.75,23.00,
0:24:58,4.273,21.06,60.41,0.60,0.36,0.65,27.06,21.75,21.25,0.00,0.00,24.00,23.75,23.00,
0:25:00,4.273,21.27,60.17,0.62,0.33,0.63,27.06,21.75,21.25,0.00,0.00,24.00,23.75,23.00,
0:25:01,4.273,21.33,60.53,0.64,0.35,0.63,27.06,21.75,21.25,0.00,0.00,24.00,23.75,23.00,
0:25:02,4.200,21.33,60.41,0.63,0.36,0.63,27.06,21.75,21.25,0.00,0.00,24.25,23.75,23.00,
0:25:03,3.481,21.33,60.53,0.62,0.36,0.64,27.06,21.75,21.25,0.00,0.00,24.00,23.75,23.00,
0:25:04,2.347,21.27,60.41,0.59,0.36,0.63,27.06,21.75,21.25,0.00,0.00,24.00,23.75,23.00,
0:25:05,4.200,21.40,60.53,0.63,0.37,0.64,27.06,21.81,21.25,0.00,0.00,24.00,23.75,23.00,
0:25:06,2.076,21.33,60.78,0.64,0.40,0.64,27.06,21.75,21.25,0.00,0.00,24.00,23.75,23.00,
0:25:07,2.076,21.36,60.90,0.60,0.36,0.62,27.06,21.75,21.25,0.00,0.00,24.00,23.75,23.00,
0:25:08,0.305,21.33,60.78,0.64,0.37,0.60,27.06,21.75,21.31,0.00,0.00,24.00,23.75,23.00,
0:25:09,2.019,21.36,61.02,0.63,0.32,0.63,27.06,21.75,21.31,0.00,0.00,24.00,23.75,23.00,
0:25:10,2.146,21.33,61.27,0.62,0.35,0.60,27.00,21.75,21.31,0.00,0.00,24.00,23.75,23.00,
0:25:11,2.146,21.24,61.27,0.60,0.38,0.63,27.00,21.75,21.25,0.00,0.00,24.00,23.75,23.00,
0:25:12,2.146,21.30,61.27,0.62,0.35,0.63,27.00,21.75,21.25,0.00,0.00,24.00,23.75,23.00,
0:25:13,0.356,21.30,61.51,0.62,0.37,0.64,27.00,21.75,21.31,0.00,0.00,24.00,23.75,23.00,
0:25:14,1.335,21.33,61.51,0.69,0.33,0.63,27.00,21.75,21.25,0.00,0.00,24.00,23.75,23.00,
0:25:15,2.154,21.36,61.88,0.60,0.38,0.63,27.00,21.75,21.31,0.00,0.00,24.00,23.75,23.00,
0:25:16,2.288,21.27,61.75,0.60,0.35,0.60,26.94,21.75,21.31,0.00,0.00,24.00,23.75,23.00,
0:25:17,2.145,21.40,61.51,0.62,0.33,0.62,26.94,21.75,21.25,0.00,0.00,24.00,23.75,23.00,
0:25:18,2.145,21.43,62.00,0.63,0.35,0.60,26.94,21.75,21.25,0.00,0.00,24.00,23.75,23.00,
0:25:22,2.145,21.30,62.37,0.64,0.38,0.64,26.88,21.75,21.25,0.00,0.00,24.00,23.75,23.00,
0:25:23,2.145,21.33,62.49,0.62,0.36,0.64,26.88,21.75,21.31,0.00,0.00,24.00,23.75,23.00,
0:25:24,2.145,21.27,62.85,0.60,0.33,0.60,26.88,21.75,21.31,0.00,0.00,24.00,23.75,23.00,
0:25:25,2.144,21.30,62.73,0.60,0.37,0.62,26.81,21.75,21.25,0.00,0.00,24.25,23.75,23.00,
0:25:26,2.145,21.30,62.85,0.62,0.38,0.62,26.81,21.75,21.25,0.00,0.00,24.25,23.75,23.00,
0:25:27,2.145,21.27,62.98,0.60,0.38,0.64,26.81,21.75,21.31,0.00,0.00,24.00,23.75,23.00,
0:25:28,2.145,21.36,63.22,0.60,0.37,0.57,26.81,21.75,21.25,0.00,0.00,24.00,23.75,23.00,
0:25:29,2.145,21.24,63.34,0.59,0.32,0.63,26.75,21.75,21.25,0.00,0.00,24.00,23.75,23.00,
0:25:30,2.145,21.33,63.22,0.62,0.33,0.64,26.75,21.75,21.31,0.00,0.00,24.00,23.75,23.25,
0:25:31,2.145,21.33,63.34,0.64,0.37,0.64,26.75,21.75,21.31,0.00,0.00,24.25,23.75,23.25,
0:25:32,0.301,21.30,63.59,0.60,0.27,0.65,26.81,21.75,21.31,0.00,0.00,24.00,23.75,23.00,
0:25:33,2.145,21.21,63.95,0.63,0.35,0.60,26.75,21.75,21.31,0.00,0.00,24.00,23.75,23.00,
0:25:34,2.152,21.33,63.83,0.65,0.36,0.63,26.81,21.75,21.31,0.00,0.00,24.25,23.75,23.00,
0:25:35,2.146,21.36,64.08,0.62,0.36,0.68,26.81,21.75,21.31,0.00,0.00,24.25,23.75,23.00,
0:25:36,2.146,21.40,64.08,0.63,0.33,0.63,26.81,21.75,21.31,0.00,0.00,24.25,23.75,23.00,
0:25:37,2.146,21.46,64.20,0.63,0.35,0.60,26.75,21.75,21.31,0.00,0.00,24.00,23.75,23.00,
0:25:38,2.145,21.27,64.81,0.64,0.38,0.64,26.81,21.75,21.31,0.00,0.00,24.25,23.75,23.00,
0:25:39,2.146,21.33,64.93,0.60,0.36,0.62,26.81,21.75,21.31,0.00,0.00,24.00,23.75,23.00,
0:52:46,4.208,21.33,31.82,0.65,0.43,0.66,23.44,21.69,21.63,0.00,0.00,25.00,39.00,23.25,
0:52:47,4.207,21.30,31.57,0.68,0.43,0.64,23.44,21.69,21.63,0.00,0.00,25.00,39.00,23.25,
0:52:48,4.208,21.40,31.33,0.62,0.43,0.66,23.38,21.69,21.63,0.00,0.00,25.00,39.00,23.25,
0:52:49,4.208,21.24,31.21,0.65,0.44,0.66,23.38,21.69,21.63,0.00,0.00,25.00,39.00,23.50,
0:52:50,4.208,21.40,31.09,0.64,0.43,0.64,23.38,21.69,21.63,0.00,0.00,25.00,39.00,23.50,
0:52:51,4.207,21.27,30.60,0.65,0.41,0.63,23.38,21.69,21.63,0.00,0.00,25.00,39.00,23.50,
0:52:52,4.207,21.36,30.47,0.63,0.44,0.64,23.38,21.69,21.63,0.00,0.00,25.00,39.00,23.50,
0:52:53,4.208,21.30,29.62,0.64,0.43,0.66,23.31,21.69,21.63,0.00,0.00,25.00,39.00,23.50,
0:52:54,4.208,21.33,30.11,0.69,0.44,0.63,23.31,21.69,21.63,0.00,0.00,25.00,39.25,23.50,
0:52:55,4.208,21.21,30.23,0.65,0.43,0.68,23.31,21.69,21.63,0.00,0.00,25.25,39.25,23.50,
0:52:56,4.208,21.36,29.86,0.63,0.43,0.62,23.31,21.69,21.63,0.00,0.00,25.00,39.25,23.50,
0:52:57,4.208,21.46,29.86,0.63,0.44,0.63,23.31,21.69,21.63,0.00,0.00,25.00,39.25,23.50,
0:52:58,4.208,21.43,29.86,0.65,0.43,0.64,23.31,21.69,21.63,0.00,0.00,25.25,39.25,23.50,
0:52:59,4.208,21.36,29.50,0.65,0.44,0.68,23.25,21.69,21.63,0.00,0.00,25.25,39.25,23.50,
0:53:00,4.208,21.30,29.25,0.62,0.43,0.66,23.25,21.69,21.63,0.00,0.00,25.00,39.25,23.25,
0:53:01,4.203,21.27,29.25,0.64,0.42,0.63,23.25,21.69,21.63,0.00,0.00,25.25,39.50,23.50,
0:53:02,4.218,21.33,28.89,0.66,0.43,0.62,23.25,21.69,21.63,0.00,0.00,25.25,39.50,23.50,
0:53:03,4.218,21.49,29.01,0.66,0.41,0.65,23.19,21.69,21.56,0.00,0.00,25.00,39.25,23.50,
0:53:04,4.218,21.30,28.76,0.66,0.44,0.62,23.19,21.69,21.63,0.00,0.00,25.00,39.50,23.50,
0:53:37,4.276,21.36,24.49,0.71,0.36,0.66,23.00,21.69,21.63,0.00,0.00,25.00,40.00,23.50,
0:53:38,4.276,21.36,24.12,0.68,0.41,0.63,23.00,21.69,21.63,0.00,0.00,25.00,40.00,23.25,
0:53:39,4.276,21.49,23.75,0.65,0.40,0.64,22.94,21.69,21.63,0.00,0.00,25.00,40.00,23.25,
0:53:40,4.276,21.24,24.00,0.64,0.36,0.60,22.94,21.69,21.63,0.00,0.00,25.25,40.00,23.25,
0:53:41,4.276,21.30,24.00,0.63,0.42,0.60,22.94,21.75,21.63,0.00,0.00,25.00,40.00,23.50,
0:53:42,4.276,21.43,23.75,0.62,0.42,0.64,22.94,21.75,21.63,0.00,0.00,25.25,40.25,23.50,
0:53:43,4.277,21.33,23.75,0.63,0.42,0.63,22.94,21.69,21.63,0.00,0.00,25.00,40.25,23.50,
0:53:44,4.276,21.33,24.36,0.59,0.42,0.62,22.94,21.75,21.63,0.00,0.00,25.00,40.25,23.25,
0:53:45,4.276,21.27,23.39,0.63,0.42,0.62,22.94,21.69,21.63,0.00,0.00,25.00,40.25,23.50,
0:53:46,4.276,21.36,23.26,0.52,0.38,0.63,22.94,21.69,21.63,0.00,0.00,25.25,40.25,23.50,
0:53:47,4.276,21.27,23.26,0.63,0.42,0.62,22.94,21.75,21.63,0.00,0.00,25.00,40.25,23.50,
0:53:48,4.276,21.33,23.26,0.63,0.42,0.64,22.94,21.75,21.63,0.00,0.00,25.00,40.25,23.50,
0:53:49,4.276,21.27,23.14,0.64,0.40,0.63,22.94,21.75,21.63,0.00,0.00,25.00,40.25,23.50,
0:53:50,4.276,21.30,22.65,0.60,0.41,0.64,22.88,21.75,21.63,0.00,0.00,25.00,40.25,23.50,
0:53:51,4.276,21.36,22.78,0.64,0.40,0.64,22.88,21.75,21.63,0.00,0.00,25.00,40.25,23.50,
0:53:52,4.276,21.24,22.65,0.64,0.40,0.64,22.88,21.75,21.63,0.00,0.00,25.00,40.25,23.25,
0:53:53,4.276,21.33,22.41,0.62,0.42,0.63,22.88,21.75,21.63,0.00,0.00,25.00,40.25,23.50,
0:53:54,4.276,21.30,22.41,0.64,0.42,0.70,22.88,21.69,21.63,0.00,0.00,25.00,40.25,23.25,
0:53:55,4.276,21.36,22.41,0.62,0.36,0.64,22.88,21.75,21.63,0.00,0.00,25.00,40.25,23.25,
0:53:56,4.276,21.43,22.65,0.64,0.37,0.64,22.88,21.75,21.63,0.00,0.00,25.00,40.50,23.50,
0:53:57,4.276,21.36,22.41,0.65,0.40,0.64,22.88,21.75,21.63,0.00,0.00,25.00,40.25,23.50,
0:53:58,4.276,21.33,22.04,0.64,0.40,0.64,22.88,21.75,21.63,0.00,0.00,25.00,40.25,23.25,
0:53:59,4.276,21.27,21.92,0.62,0.40,0.62,22.81,21.75,21.63,0.00,0.00,25.00,40.50,23.25,
0:54:00,4.276,21.27,21.92,0.60,0.41,0.65,22.81,21.75,21.63,0.00,0.00,25.00,40.50,23.50,
0:55:15,4.275,21.33,16.06,0.66,0.37,0.64,22.50,21.69,21.63,0.00,0.00,25.00,41.75,23.50,
0:55:16,4.275,21.30,15.44,0.65,0.33,0.63,22.50,21.69,21.63,0.00,0.00,25.00,41.75,23.50,
0:55:17,4.275,21.40,15.32,0.66,0.35,0.63,22.44,21.69,21.63,0.00,0.00,25.00,41.75,23.50,
0:55:18,4.275,21.27,15.44,0.65,0.31,0.63,22.44,21.69,21.63,0.00,0.00,25.00,41.75,23.50,
0:55:19,4.275,21.40,15.57,0.62,0.37,0.63,22.44,21.69,21.63,0.00,0.00,25.00,42.00,23.50,
0:55:20,4.275,21.36,15.81,0.64,0.33,0.63,22.44,21.69,21.63,0.00,0.00,25.00,41.75,23.50,
0:55:21,4.275,21.30,15.57,0.64,0.33,0.63,22.44,21.69,21.63,0.00,0.00,25.00,42.00,23.50,
0:55:22,4.275,21.30,15.08,0.63,0.31,0.60,22.44,21.69,21.63,0.00,0.00,25.00,41.75,23.50,
0:55:23,4.275,21.30,15.44,0.62,0.36,0.64,22.44,21.69,21.56,0.00,0.00,25.00,41.75,23.50,
0:55:24,4.275,21.46,15.20,0.64,0.33,0.65,22.44,21.69,21.63,0.00,0.00,25.00,41.75,23.50,
0:55:25,4.275,21.46,15.20,0.63,0.35,0.62,22.44,21.69,21.63,0.00,0.00,25.00,41.75,23.50,
0:55:26,4.275,21.40,15.44,0.63,0.36,0.64,22.44,21.69,21.63,0.00,0.00,25.00,42.00,23.50,
0:55:27,4.275,21.43,14.96,0.63,0.31,0.63,22.44,21.69,21.56,0.00,0.00,25.00,42.00,23.50,
0:55:28,4.275,21.36,14.71,0.65,0.32,0.63,22.44,21.69,21.63,0.00,0.00,25.00,42.00,23.50,
0:55:29,4.275,21.15,14.96,0.63,0.36,0.64,22.44,21.69,21.63,0.00,0.00,25.00,41.75,23.50,
0:55:30,4.275,21.33,14.83,0.64,0.33,0.63,22.44,21.69,21.56,0.00,0.00,25.00,42.00,23.50,
0:55:31,4.275,21.30,15.08,0.60,0.32,0.60,22.38,21.69,21.63,0.00,0.00,25.00,42.00,23.50,
0:55:32,4.276,21.36,14.83,0.64,0.35,0.63,22.38,21.69,21.56,0.00,0.00,25.00,42.00,23.50,
0:55:33,4.275,21.36,14.35,0.63,0.36,0.62,22.38,21.69,21.56,0.00,0.00,25.00,42.00,23.50,
0:55:34,4.275,21.21,14.35,0.64,0.32,0.63,22.44,21.69,21.56,0.00,0.00,25.00,42.00,23.50,
0:55:35,4.275,21.27,14.35,0.65,0.31,0.63,22.38,21.69,21.63,0.00,0.00,25.00,42.00,23.50,
0:55:36,4.275,21.30,14.10,0.60,0.33,0.64,22.38,21.69,21.56,0.00,0.00,25.00,42.00,23.50,
0:55:37,4.275,21.33,14.59,0.63,0.35,0.65,22.38,21.69,21.56,0.00,0.00,25.00,42.00,23.50,
0:56:24,4.274,21.33,12.15,0.64,0.35,0.64,22.25,21.69,21.63,0.00,0.00,25.25,42.50,23.50,
0:56:25,4.275,21.30,12.27,0.65,0.29,0.65,22.25,21.69,21.63,0.00,0.00,25.00,42.50,23.50,
0:56:26,4.275,21.36,12.02,0.64,0.31,0.60,22.25,21.69,21.63,0.00,0.00,25.00,42.50,23.50,
0:56:27,4.274,21.30,11.78,0.64,0.32,0.64,22.25,21.69,21.63,0.00,0.00,25.00,42.50,23.50,
0:56:28,4.275,21.30,11.90,0.64,0.30,0.63,22.25,21.69,21.56,0.00,0.00,25.00,42.50,23.50,
0:56:29,4.275,21.40,11.90,0.62,0.31,0.62,22.19,21.69,21.63,0.00,0.00,25.00,42.50,23.50,
0:56:30,4.275,21.30,11.66,0.63,0.33,0.63,22.19,21.69,21.63,0.00,0.00,25.00,42.50,23.50,
0:56:31,4.275,21.49,11.66,0.63,0.33,0.64,22.25,21.69,21.63,0.00,0.00,25.25,42.50,23.50,
0:56:32,4.275,21.36,11.90,0.60,0.30,0.63,22.19,21.69,21.63,0.00,0.00,25.00,42.50,23.50,
0:56:33,4.275,21.36,11.41,0.64,0.31,0.63,22.19,21.69,21.63,0.00,0.00,25.00,42.50,23.50,
0:56:34,4.274,21.33,11.78,0.64,0.32,0.63,22.19,21.69,21.56,0.00,0.00,25.00,42.50,23.50,
0:56:35,4.274,21.40,11.53,0.63,0.30,0.64,22.19,21.69,21.56,0.00,0.00,25.25,42.50,23.50,
0:56:36,4.274,21.30,11.66,0.62,0.30,0.62,22.19,21.69,21.63,0.00,0.00,25.25,42.50,23.50,
0:56:37,4.275,21.33,11.29,0.59,0.32,0.62,22.19,21.69,21.56,0.00,0.00,25.00,42.50,23.50,
0:56:38,4.275,21.33,11.29,0.63,0.30,0.64,22.19,21.69,21.63,0.00,0.00,25.00,42.75,23.50,
0:56:39,4.274,21.30,11.41,0.63,0.32,0.64,22.19,21.69,21.63,0.00,0.00,25.25,42.75,23.50,
0:56:40,4.275,21.33,11.53,0.62,0.35,0.63,22.19,21.69,21.56,0.00,0.00,25.25,42.75,23.50,
0:56:41,4.274,21.40,11.17,0.60,0.35,0.66,22.19,21.69,21.56,0.00,0.00,25.25,42.75,23.50,
0:56:42,4.275,21.30,11.41,0.63,0.32,0.65,22.19,21.69,21.56,0.00,0.00,25.25,42.75,23.50,
0:56:43,4.274,21.30,11.29,0.59,0.29,0.65,22.19,21.69,21.56,0.00,0.00,25.25,42.75,23.50,
0:56:44,4.274,21.36,11.17,0.64,0.30,0.65,22.19,21.69,21.56,0.00,0.00,25.25,42.75,23.50,
0:56:45,4.274,21.30,11.17,0.62,0.30,0.64,22.19,21.69,21.56,0.00,0.00,25.25,42.75,23.50,
0:56:46,4.275,21.24,11.29,0.62,0.36,0.64,22.13,21.69,21.56,0.00,0.00,25.25,42.75,23.50,
0:56:47,4.274,21.30,10.92,0.58,0.33,0.63,22.13,21.69,21.56,0.00,0.00,25.25,42.75,23.50,
0:57:31,4.274,21.33,9.70,0.62,0.30,0.60,22.00,21.69,21.56,0.00,0.00,25.25,43.00,23.75,
0:57:32,4.275,21.30,9.46,0.63,0.31,0.68,22.00,21.63,21.56,0.00,0.00,25.25,43.00,23.75,
0:57:33,4.274,21.30,9.58,0.63,0.32,0.64,22.00,21.63,21.56,0.00,0.00,25.25,43.00,23.50,
0:57:34,4.274,21.33,9.34,0.62,0.32,0.60,22.00,21.63,21.56,0.00,0.00,25.25,42.75,23.75,
0:57:35,4.275,21.33,9.46,0.64,0.31,0.65,22.00,21.63,21.56,0.00,0.00,25.25,42.75,23.75,
0:57:36,4.275,21.27,9.46,0.64,0.33,0.64,22.00,21.63,21.56,0.00,0.00,25.25,42.75,23.50,
0:57:37,4.274,21.24,9.58,0.64,0.31,0.64,22.00,21.63,21.56,0.00,0.00,25.25,42.75,23.50,
0:57:38,4.274,21.40,9.58,0.62,0.33,0.65,22.00,21.63,21.56,0.00,0.00,25.25,42.75,23.50,
0:57:39,4.274,21.40,9.46,0.63,0.35,0.63,22.00,21.63,21.56,0.00,0.00,25.25,42.75,23.75,
0:57:40,4.275,21.36,9.34,0.64,0.30,0.60,22.00,21.63,21.56,0.00,0.00,25.25,42.75,23.50,
0:57:41,4.274,21.36,9.58,0.64,0.32,0.64,22.00,21.63,21.56,0.00,0.00,25.25,42.75,23.50,
0:57:42,4.274,21.43,9.46,0.63,0.29,0.59,22.00,21.63,21.56,0.00,0.00,25.25,42.75,23.75,
0:57:43,4.274,21.36,9.34,0.65,0.32,0.63,22.00,21.63,21.56,0.00,0.00,25.25,42.75,23.75,
0:57:44,4.274,21.36,9.34,0.64,0.33,0.63,22.00,21.63,21.56,0.00,0.00,25.25,42.75,23.50,
0:57:45,4.274,21.30,9.34,0.62,0.29,0.64,22.00,21.63,21.56,0.00,0.00,25.25,42.75,23.50,
0:57:46,4.274,21.43,9.34,0.63,0.31,0.65,22.00,21.63,21.56,0.00,0.00,25.25,42.75,23.50,
0:57:47,4.274,21.43,9.21,0.62,0.33,0.63,22.00,21.63,21.56,0.00,0.00,25.25,42.75,23.50,
0:57:48,4.275,21.43,9.21,0.62,0.32,0.62,22.00,21.63,21.56,0.00,0.00,25.25,42.75,23.50,
0:57:49,4.274,21.30,9.21,0.65,0.32,0.65,21.94,21.63,21.56,0.00,0.00,25.25,42.75,23.50,
0:58:58,4.273,-6.25,-25.00,-2.50,-2.50,-2.50,21.88,21.69,21.56,0.00,0.00,25.50,43.00,23.75,
0:58:59,4.273,-6.25,-25.00,-2.50,-2.50,-2.50,21.88,21.63,21.56,0.00,0.00,25.50,43.00,23.75,
0:59:00,4.274,-6.25,-25.00,-2.50,-2.50,-2.50,21.88,21.63,21.56,0.00,0.00,25.50,43.00,23.75,
0:59:01,4.274,-6.25,-25.00,-2.50,-2.50,-2.50,21.88,21.63,21.56,0.00,0.00,25.50,43.00,23.75,
0:59:02,4.274,-6.25,-25.00,-2.50,-2.50,-2.50,21.88,21.69,21.56,0.00,0.00,25.50,43.00,23.75,
0:59:03,4.273,-6.25,-25.00,-2.50,-2.50,-2.50,21.88,21.63,21.56,0.00,0.00,25.50,43.00,23.75,
0:59:04,4.273,-6.25,-25.00,-2.50,-2.50,-2.50,21.88,21.63,21.56,0.00,0.00,25.50,43.00,23.75,
0:59:05,4.274,-6.25,-25.00,-2.50,-2.50,-2.50,21.88,21.63,21.56,0.00,0.00,25.50,43.00,23.75,
0:59:06,4.273,-6.25,-25.00,-2.50,-2.50,-2.50,21.88,21.63,21.56,0.00,0.00,25.75,43.00,23.75,
0:59:07,4.274,-6.25,-25.00,-2.50,-2.50,-2.50,21.88,21.69,21.56,0.00,0.00,25.50,43.00,23.75,
0:59:08,4.273,-6.25,-25.00,-2.50,-2.50,-2.50,21.88,21.69,21.56,0.00,0.00,25.75,43.00,23.50,
0:59:09,4.273,-6.25,-25.00,-2.50,-2.50,-2.50,21.88,21.69,21.56,0.00,0.00,25.75,43.00,23.75,
0:59:10,4.274,-6.25,-25.00,-2.50,-2.50,-2.50,21.88,21.69,21.56,0.00,0.00,25.50,43.00,23.75,
0:59:11,4.273,-6.25,-25.00,-2.50,-2.50,-2.50,21.88,21.69,21.56,0.00,0.00,25.75,43.00,23.50,
0:59:12,4.274,-6.25,-25.00,-2.49,-2.50,-2.50,21.88,21.69,21.56,0.00,0.00,25.50,43.00,23.50,
0:59:13,4.273,-6.25,-25.00,-2.50,-2.50,-2.50,21.88,21.69,21.56,0.00,0.00,25.75,43.00,23.75,
0:59:14,4.273,-6.25,-25.00,-2.50,-2.50,-2.50,21.88,21.63,21.56,0.00,0.00,25.50,43.00,23.75,
0:59:15,4.274,-6.25,-25.00,-2.50,-2.50,-2.50,21.88,21.69,21.56,0.00,0.00,25.75,43.00,23.50,

